cam0:
  cam_overlaps: [1]
  camera_model: pinhole
  distortion_coeffs: [0.04696732314606412, 0.07742843387974727, 0.0016247683170551499,
    0.018191675566985973]
  distortion_model: radtan
  intrinsics: [779.0710811949963, 788.2331977560971, 361.2063332265955, 338.35326759190247]
  resolution: [480, 640]
  rostopic: /cam0/image_raw
cam1:
  T_cn_cnm1:
  - [0.7818798919152384, 0.01884408114668571, 0.6231442330828026, -0.03515506016503788]
  - [-0.025603240770413017, 0.9996703874064121, 0.0018948891176985066, 0.00267703804605338]
  - [-0.6229031294516584, -0.017436087532850815, 0.7821046440028849, 0.004025795626744966]
  - [0.0, 0.0, 0.0, 1.0]
  cam_overlaps: [0]
  camera_model: pinhole
  distortion_coeffs: [0.050367282983179905, 0.02355446983800043, -0.0015037011876470757,
    -0.00915540159736135]
  distortion_model: radtan
  intrinsics: [771.9554571428522, 779.5823023074506, 167.79579848976528, 330.63457271645564]
  resolution: [480, 640]
  rostopic: /cam1/image_raw
